1
1000
1405
-1
201610
Oduro
1406
0
201610
Bush
1805
1
201610
Mancosu
2401
2
201610
Sagna
2402
3
201610
Piatti
0
1
1001
1405
4
201620
Carrasco
1406
5
201620
J. dos Santos
1805
6
201620
Boateng
2401
7
201620
Ibrahimovic
2402
8
201620
G. dos Santos
0
1
1002
1405
9
201630
van der Wiel
1406
10
201630
Osorio
1805
11
201630
Bradley
2401
12
201630
Altidor
2402
-1
201630
Giovinco
0
1
1003
1405
0
201710
Insigne
1406
1
201710
Mertens
1805
2
201710
Koulibaly
2401
3
201710
Hamsik
2402
4
201710
Ospina
0
1
1004
1405
5
201720
Cuadrado
1406
6
201720
Chiellini
1805
7
201720
Matuidi
2401
8
201720
Szczesny
2402
9
201720
Ronaldo
0
1
1005
1405
10
201730
Vieira
1406
11
201730
Ramos
1805
12
201730
Courtois
2401
-1
201730
Benzema
2402
0
201730
Bale
0
1
1006
1405
1
201810
Pique
1406
2
201810
Coutinho
1805
3
201810
Vidal
2401
4
201810
Suarez
2402
5
201810
Messi
0
1
1007
1405
6
201820
DeBruyne
1406
7
201820
Aguero
1805
8
201820
Sterling
2401
9
201820
Hart
2402
10
201820
Salah
0
1
1008
1405
11
201830
Neymar
1406
12
201830
Mbappe
1805
-1
201830
Buffon
2401
0
201830
Cavani
2402
1
201830
Di Maria
0
1
1009
1405
2
201910
DeBruyne
1406
3
201910
Sissoko
1805
4
201910
Lloris
2401
5
201910
Alli
2402
6
201910
Kane
0
1
1010
1405
7
201920
Lukaku
1406
8
201920
Sanchez
1805
9
201920
Pogba
2401
10
201920
Rashford
2402
11
201920
Martial
0
1
1011
1405
12
201930
Firmino
1406
-1
201930
Mane
1805
0
201930
Alisson
2401
1
201930
Mignolet
2402
2
201930
Salah
0
1
1012
1405
3
202010
Lacazette
1406
4
202010
Monreal
1805
5
202010
Aubameyang
2401
6
202010
Koscielny
2402
7
202010
Xhaka
0
1
1013
1405
8
202020
DeBruyne
1406
9
202020
Aguero
1805
10
202020
Sterling
2401
11
202020
Jesus
2402
12
202020
Fernandinho
0
1
1014
1405
-1
202030
Higuain
1406
0
202030
Kante
1805
1
202030
Hazard
2401
2
202030
Azpilicueta
2402
3
202030
Luiz
0
0
